1
0.5
3

0
0.5
1

3
0.2 
0.2
0.0
0.7 
0.7
0.25
1.5 
1.5
0.5

3
0.0
0.0
0.349065
0.25
1.570796
0.5

3
0.0 
0.0 
0.2
0.0
-0.3 
0.0 
0.5
0.25
-0.1 
0.0 
0.8
0.5

3
4286545791
0.0
2145378271
0.25
0267382767
0.5

0.0

0.0 
0.0 
0.0

2
2
1

0

smoke4.png

0
0.5
1

3
0.2 
0.2
0.0
0.7
0.7
0.25
1.5 
1.5
0.5

3
0.0
0.0
-0.156324
0.25
-0.312648
0.5

3
0.1 
0.0 
0.2
0.0
0.2 
0.0 
0.5
0.25
0.5 
0.0 
0.8
0.5

3
4286545791
0.0
2145378271
0.25
0267382767
0.5

0.0

0.0 
0.0 
0.0

2
2
1

0

smoke4.png

0
0.5
1

3
0.2 
0.2
0.0
0.7 
0.7
0.25
1.5 
1.5
0.5

3
0.0
0.0
0.020156
0.25
0.040312
0.5

3
0.0 
0.0 
0.005
0.0
0.0 
0.0 
0.005
0.25
0.0 
0.0 
0.2
0.5

3
4286545791
0.0
2145378271
0.25
0267382767
0.5

0.0

0.0 
0.0 
0.0

2
2
1

0

smoke4.png

3

0
0.5

3
0.001 
0.001 
0.0012
0.0
0.3 
0.3 
0.4
0.1
0.4 
0.4 
0.6
0.5

3
0.0 
0.0 
0.0
0.0
-0.507890 
-0.317649 
-1.310742
0.25
-1.015781 
-0.635299
-2.621484
0.5

3
0.0 
0.0 
0.0
0.0
14.2 
-15.05 
-15.0
0.25
30.4 
-30.1 
-30.0
0.5

3
16777215
0.0
4294967295
0.1
0
0.5

0.0

0.0
0.0 
0.0

2
2

1

0

DefaultSpec.png
ShieldSphere.mesh

0
0.5

3
0.001 
0.001 
0.001
0.0
0.3 
0.4 
0.3
0.1
0.3 
0.4 
0.4
0.5

3
0.0 
0.0 
0.0
0.0
-1.469567 
-0.1483525 
0.457276
0.25
-2.939134  
-0.296705 
0.914552
0.5

3
0.0 
0.0 
0.0
0.0
-0.2 
-30.05 
0.3
0.25
-0.4 
-60.1 
0.4
0.5

3
16777215
0.0
4294967295
0.1
0
0.5

0.0

0.0 
0.0 
0.0

2
2

1

0

DefaultSpec.png
ShieldSphere.mesh

0
0.5

3
0.001
0.001 
0.001
0.0
0.2 
0.2 
0.2
0.1
0.25 
0.25 
0.25
0.5

3
0.0 
0.0 
0.0
0.0
-1.469567 
-0.1483525 
0.457276
0.25
-2.939134  
-0.296705 
0.914552
0.25

3
0.0 
0.0 
0.0
0.0
-0.2 
30.05 
-9
0.2
-0.4 
60.1 
-18
0.5

3
16777215
0.0
4294967295
0.1
0
0.5

0.0

0.0 
0.0 
0.0

2
2

1

0

DefaultSpec.png
ShieldSphere.mesh