1
1
8

0
1.00
0

3
0.001
0.001
0.0
4.5
4.5
1.0
0.0
0.0
1.0

3
0.0
0.0
0.0
1.0
0.0
1.0

3
0.0 
0.0 
0.0
0.0
0.0 
0.0 
0.0 
1.0
0.0 
0.0 
0.0
1.0

3
0
0.0
4294967295
0.5
0
1

0.0

0.0 
0.0 
0.0

2
2
1

0.0

shockwave.png

0.3
0.7
1

3
1.5 
1.5
0.0
2.4
2.4
0.2
1.0 
1.0
0.7

3
0.0
0.0
-0.863
0.2
-1.726
0.7

3
0.0 
0.0 
0.0
0.0
0.0 
6.55 
0.0
0.2
0.0 
13.1 
0.0
0.7

3
16777215
0.0
4294967295
0.2
16777215
0.7

0.0

0.0 
0.0
0.0

2
2
1

0.0

smoke4.png

0.3
0.7
1

3
1.5 
1.5
0.0
2.6
2.6
0.2
0.7
0.7
0.7

3
0.0
0.0
-1.319567
0.2
-2.939134
0.7

3
0.0 
0.0 
0.0
0.0
0.0 
2.15 
0.0 
0.2
0.0 
4.3 
0.0
0.7

3
016777215
0.0
4294967295
0.2
16777215
0.7

0.0

0 
0 
0

2
2
1

0.0

smoke4.png

0.3
0.7
1

3
1.5
1.5
0.0
3
3
0.2
0.5
0.5
0.7

3
0
0.0
1.226093
0.2
2.626721
0.7

3
0.0 
0.0 
0.0
0
0.0 
10.45 
0.0
0.2
0.0 
20.9 
0.0
0.7

3
016777215
0.0
4294967295
0.2
16777215
0.7

0.0

0 
0 
0

2
2
1

0.0

smoke4.png

1.5
2.5
1

3
1.5
1.5
0.0
0.85
0.85
0.2
0.2
0.2
0.7

3
0.0
0.0
-1.014036
0.2
-2.028072
0.7

3
0.0 
0.0 
0.0
0.0
1.7 
13.3 
0.0
0.2
3.4 
26.6 
0.0
0.7

3
016777215
0.0
4294967295
0.2
16777215
0.7

0.0

0 
0 
0

2
2
1

0.0

smoke4.png

0.3
0.7
1

3
0.0 
0.0
0.0
2.05
1.8
0.33
0.95
0.75
0.7

3
0.0
0.0
1.487893
0.2
2.975786
0.7

3
0.0 
0.0 
0.0
0
0.0 
0.0 
0.0
0.52
0.0 
0.0 
0.0
0.7

3
016777215
0.0
4294967295
0.33
16777215
0.7

0.0

0 
0 
0

2
2
1

0.0

smoke4.png

0.3
0.7
1

3
1.5
1.5
0.0
0.85
0.85
0.2
0.2
0.2
0.7

3
0.0
0.0
-1.014036
0.2
-2.028072
0.7

3
0.0 
0.0 
0.0
0.0
-0.9 
8.85 
0.0
0.2
-1.8 
17.7 
0.0
0.7

3
016777215
0.0
4294967295
0.2
16777215
0.7

0.0

0 
0 
0

2
2
1

0.0

smoke4.png

0.3
0.7
1

3
1.5
1.5
0.0
0.85 
0.85
0.2
0.2
0.2
0.7

3
0.0
0.0
0.680678
0.2
1.361356
0.7

3
0.0 
0.0 
0.0
0.0
-0.2 
15.05 
0.0
0.2
-0.4 
30.1 
0.0
0.7

3
16777215
0.0
4294967295
0.2
16777215
0.7

0.0

0 
0 
0

2
2
1

0.0

smoke4.png

3

0
1

3
0.000 
0.000 
0.000
0.0
0.5 
0.5 
0.5
0.2
0.6 
0.6 
0.6
1

3
0.0 
0.0 
0.0
0.0
-1.469567 
-0.1483525 
0.457276
0.5
-2.939134  
-0.296705 
0.914552
1

3
0.0 
0.0 
0.0
0.0
0.0 
0.0 
0.0
0.0
0.0 
0.0 
0.0
0.0

3
16777215
0.0
4294967295
0.2
16777215
0.3

0.0

0.0 
0.0 
0.0

2
2

1

0.15

explosion4.png
ShieldSphere.mesh

0
1

3
0.05 
0.05 
0.05
0.0
0.55 
0.55 
0.55
0.2
0.75 
0.75 
0.75
1

3
0.0 
0.0 
0.0
0.0
-0.7566 
-0.6867871 
-0.7173303
0.5
-1.5132 
-1.373574 
-1.434661
1

3
0.0 
0.0 
0.0
0.0
0.0 
0.0 
0.0
0.5
0.0 
0.0 
0.0
1

3
16777215
0.0
4294967295
0.2
16777215
1

0.0

0.0 
0.0 
0.0

2
2

1

0.15

explosion4.png
ShieldSphere.mesh

0
1

3
0.1 
0.1 
0.1
0.0
0.6
0.6
0.6
0.2
0.85
0.85 
0.85
1

3
0.0 
0.0 
0.0
0.0
-0.5078908 
-0.3176499 
-1.310742
0.5
-1.015782 
-0.6352998 
-2.621484
1

3
0.0 
0.0 
0.0
0.0
0.0 
0.0 
0.0
0.5
0.0 
0.0 
0.0
1

3
16777215
0.0
4294967295
0.2
16777215
1

0.0

0.0 
0.0 
0.0

2
2

1

0.15

explosion4.png
ShieldSphere.mesh