1
1
3

0
1
1

3
0.2
0.2
0
4.7
4.7
0.5
9.5
9.5
1

3
0
0
0.349065
0.5
1.570796
1

3
0
0
0.2
0
-0.3
11
0.5
0.5
-0.1
12
0.8
1

3
4286545791
0
2139062143
0.5
41910143
1

0

-3
-3
5

2
2
1

0.01

smoke4.png

0
1
1

3
0.2
0.2
0
4.7
4.7
0.5
10.5
10.5
1

3
0
0
-0.156324
0.5
-0.312648
1

3
0.1
0
0.2
0
0.2
-11
0.5
0.5
0.5
-12
0.8
1

3
4286545791
0
2139062143
0.5
41910143
1

0

0
0
-5

2
2
1

0.01

smoke4.png

0
1
1

3
0.2
0.2
0
4.7
4.7
0.5
13.5
13.5
1

3
0
0
0.020156
0.5
0.040312
1

3
0
0
0.005
0
0
0
0.005
0.5
0
0
0.2
1

3
4286545791
0
2139062143
0.5
41910143
1

0

3
3
0

2
2
1

0.01

smoke4.png

5

0
1

3
0.001
0.0015
0.001
0
1
1.5
1
1
1.3
1.8
1.3
1

3
0
0
0
0
-1.469567
-0.1483525
0.457276
0.5
-2.939134
-0.296705
0.914552
1

3
0
0
0
0
-0.2
30.05
0
0
-0.4
60.1
0
0

3
16777215
0
4286545791
0.3
0
1

0

0
0
0

2
2

1

0.01

RT_2D_Alt_Rock_Asteroid_1_Diffuse.png
ShieldSphere.mesh

0
1

3
0.003
0.0015
0.009
0
0.7
1.5
0.8
1
1.5
2.2
1.6
1

3
0
0
0
0
-0.7566
-0.686787
-0.71733
0.5
-1.5132
-1.373574
-1.43466
1

3
0
0
0
0
-0.2
-15.05
-10
0.5
-30.4
-30.1
-20
1

3
16777215
0
4286545791
0.2
0
1

0

0
0
0

2
2

1

0.01

RT_2D_Alt_Rock_Asteroid_1_Diffuse.png
ShieldSphere.mesh

0
1

3
0.001
0.001
0.0012
0
1
1
1.2
1
1.3
1.3
1.6
1

3
0
0
0
0
-0.50789
-0.317649
-1.310742
0.5
-1.015781
-0.635299
-2.621484
1

3
0
0
0
0
14.2
-15.05
-15
0.5
30.4
-30.1
-30
1

3
16777215
0
4286545791
0.2
0
1

0

0
0
0

2
2

1

0.01

RT_2D_Alt_Rock_Asteroid_1_Diffuse.png
ShieldSphere.mesh

0
1

3
0.001
0.001
0.001
0
1
1
1
1
1.3
1.3
1.3
1

3
0
0
0
0
-1.469567
-0.1483525
0.457276
0.5
-2.939134
-0.296705
0.914552
1

3
0
0
0
0
-0.2
-30.05
0.3
0.5
-0.4
-60.1
0.4
1

3
16777215
0
4286545791
0.2
0
1

0

0
0
0

2
2

1

0.01

RT_2D_Alt_Rock_Asteroid_1_Diffuse.png
ShieldSphere.mesh

0
1

3
0.001
0.001
0.001
0
1
1
1
1
1.3
1.3
1.3
1

3
0
0
0
0
-1.469567
-0.1483525
0.457276
0.5
-2.939134
-0.296705
0.914552
1

3
0
0
0
0
-0.2
30.05
-9
0.4
-0.4
60.1
-18
1

3
16777215
0
4286545791
0.2
0
1

0

0
0
0

2
2

1

0.01

RT_2D_Alt_Rock_Asteroid_1_Diffuse.png
ShieldSphere.mesh
