1
1
3

0
1
1

3
1.2
1.2
0
9.7
9.7
0.5
16.5
16.5
1

3
0
0
0.349065
0.5
1.570796
1

3
0
0
0.2
0
-3.3
0
3.5
0.5
-3.1
0
3.8
1

3
4286545791
0
2145378271
0.5
267382767
1

0

0
0
0

5
7
1

0.01

smoke4.png

0
1
1

3
1.2
1.2
0
11.7
11.7
0.5
22.5
21.5
1

3
0
0
-0.156324
0.5
-0.312648
1

3
3.1
0
3.2
0
3.2
0
3.5
0.5
3.5
0
3.8
1

3
4286545791
0
2145378271
0.5
267382767
1

0

0
0
0

5
7
1

0.01

smoke4.png

0
1
1

3
1.2
0.2
0
9.7
8.7
0.5
16.5
17.5
1

3
0
0
0.020156
0.5
0.040312
1

3
0
0
2.005
0
0
0
3.005
0.5
0
0
3.2
1

3
4286545791
0
2145378271
0.5
267382767
1

0

0
0
0

2
2
1

0.01

smoke4.png

5

0
1

3
3.001
3.0015
3.001
0
28
27.5
28
1
29.3
28.8
29.3
1

3
0
0
0
0
-1.469567
-0.1483525
0.457276
0.5
-2.939134
-0.296705
0.914552
1

3
0
0
0
0
-0.2
30.05
0
0
-0.4
60.1
0
0

3
16777215
0
4294967295
0.3
0
1

0

0
0
0

2
2

1

0.01

DefaultSpec.png
ShieldSphere.mesh

0
1

3
3.003
3.0015
3.009
0
15.7
16.5
15.8
1
17.5
18.2
17.6
1

3
0
0
0
0
-0.7566
-0.686787
-0.71733
0.5
-1.5132
-1.373574
-1.43466
1

3
0
0
0
0
-0.2
-15.05
-10
0.5
-30.4
-30.1
-20
1

3
16777215
0
4294967295
0.2
0
1

0

0
0
0

2
2

1

0.01

DefaultSpec.png
ShieldSphere.mesh

0
1

3
2.001
2.001
2.0012
0
12
12
12.2
1
13.3
13.3
13.6
1

3
0
0
0
0
-0.50789
-0.317649
-1.310742
0.5
-1.015781
-0.635299
-2.621484
1

3
0
0
0
0
14.2
-15.05
-15
0.5
30.4
-30.1
-30
1

3
16777215
0
4294967295
0.2
0
1

0

0
0
0

2
2

1

0.01

DefaultSpec.png
ShieldSphere.mesh

0
1

3
1.001
1.001
1.001
0
14
14
10
1
17.3
17.3
13.3
1

3
0
0
0
0
-1.469567
-0.1483525
0.457276
0.5
-2.939134
-0.296705
0.914552
1

3
0
0
0
0
-0.2
-30.05
0.3
0.5
-0.4
-60.1
0.4
1

3
16777215
0
4294967295
0.2
0
1

0

0
0
0

2
2

1

0.01

DefaultSpec.png
ShieldSphere.mesh

0
1

3
4.001
4.001
4.001
0
15
16
16
1
16.3
17.3
17.3
1

3
0
0
0
0
-1.469567
-0.1483525
0.457276
0.5
-2.939134
-0.296705
0.914552
1

3
0
0
0
0
-0.2
30.05
-9
0.4
-0.4
60.1
-18
1

3
16777215
0
4294967295
0.2
0
1

0

0
0
0

2
2

1

0.01

DefaultSpec.png
ShieldSphere.mesh
