1
2
8

0
1
0

3
0.001
0.001
0
17.5
17.5
1
0
0
1

3
0
0
0
1
0
1

3
0
0
0
0
0
0
0
1
0
0
0
2

3
0
0
4294967295
0.5
0
1

0

0
0
0

2
2
1

0

shockwave.png

0.75
1.25
1

3
3
3
0
7.5
7.5
0.25
2
2
1.25

3
0
0
-0.863
0.25
-1.726
1.25

3
0
0
0
0
0
6.55
0
0.25
0
13.1
0
1.25

3
16777215
0
4294967295
0.25
16777215
1.25

0

0
0
2

2
2
1

0

smoke4.png

0.75
1.25
1

3
3
3
0
7.1
7.1
0.25
1.2
1.2
1.25

3
0
0
-1.319567
0.25
-2.939134
1.25

3
0
0
0
0
0
2.15
0
0.25
0
4.3
0
1.25

3
16777215
0
4294967295
0.25
16777215
1.25

0

0
-2
5

2
2
1

0

smoke4.png

0.75
1.25
1

3
3
3
0
7
7
0.25
1
1
1.25

3
0
0
1.226093
0.25
2.626721
1.25

3
0
0
0
0
0
10.45
0
0.25
0
20.9
0
1.25

3
16777215
0
4294967295
0.25
16777215
1.25

0

0
-5
8

2
2
1

0

smoke4.png

0.75
1.25
1

3
4
4
0
2.1
2.1
0.25
0.4
0.4
1.25

3
0
0
-1.014036
0.25
-2.028072
1.25

3
0
0
0
0
1.7
13.3
0
0.25
3.4
26.6
0
1.25

3
16777215
0
4294967295
0.25
16777215
1.25

0

-5
0
-2

2
2
1

0

smoke4.png

0.75
1.25
1

3
0
0
0
7.1
5.3
0.325
1.9
1.5
1.25

3
0
0
1.487893
0.25
2.975786
1.25

3
0
0
0
0
0
0
0
0.5
0
0
0
1

3
16777215
0
4294967295
0.325
16777215
1.25

0

5
0
-5

2
2
1

0

smoke4.png

1.5
2.5
1

3
4
4
0
2.1
2.1
0.25
0.4
0.4
1.25

3
0
0
-1.014036
0.25
-2.028072
1.25

3
0
0
0
0
-0.9
8.85
0
0.25
-1.8
17.7
0
1.25

3
16777215
0
4294967295
0.25
16777215
1.25

0

2
0
-8

2
2
1

0

smoke4.png

0.75
1.25
1

3
4
4
0
2.1
2.1
0.25
0.4
0.4
1.25

3
0
0
0.680678
0.25
1.361356
1.25

3
0
0
0
0
-0.2
15.05
0
0.25
-0.4
30.1
0
1.25

3
16777215
0
4294967295
0.25
16777215
1.25

0

0
0
0

2
2
1

0

smoke4.png

13

0
2

3
0
0
0
0
7.5
7.5
7.5
1
7.7
7.7
7.7
1

3
0
0
0
0
-1.469567
-0.1483525
0.457276
1
-2.939134
-0.296705
0.914552
2

3
0
0
0
0
0
0
0
1
0
0
0
2

3
16777215
0
4294967295
0.3
16777215
1

0

0
0
10

2
2

1

0.15

explosion4.png
ShieldSphere.mesh

0
2

3
0.05
0.05
0.05
0
2.55
2.55
2.55
1
2.85
2.85
2.85
1

3
0
0
0
0
-0.7566
-0.6867871
-0.7173303
1
-1.5132
-1.373574
-1.434661
2

3
0
0
0
0
0
0
0
1
0
0
0
2

3
16777215
0
4294967295
0.3
16777215
1

0

0
0
0

2
2

1

0.15

explosion4.png
ShieldSphere.mesh

0
2

3
0.1
0.1
0.1
0
2.6
2.6
2.6
1
2.9
2.9
2.9
1

3
0
0
0
0
-0.5078908
-0.3176499
-1.310742
1
-1.015782
-0.6352998
-2.621484
2

3
0
0
0
0
0
0
0
1
0
0
0
2

3
16777215
0
4294967295
0.3
16777215
1

0

0
0
-10

2
2

1

0.15

explosion4.png
ShieldSphere.mesh

0
2

3
1
1
1
0
1
1
1
1
1
1
1
1

3
-3
0
-2
0
-6
-5
-5.5
1
-9
-10
-8
2

3
-3
-5
-10
0
-3
-5
-15
1
-3
-5
-15
2

3
4286611584
0
4286611584
1
8421504
2

0

0
0
0

2
2

1

1

RT_2D_BluePlayerTexture_PH.png
GruntEnemyDeath11.mesh

0
2

3
1
1
1
0
1
1
1
1
1
1
1
1

3
-3
0
-2
0
-6
-5
-5.5
1
-9
-10
-8
2

3
-3
5
10
0
-3
5
15
1
-3
5
15
2

3
4286611584
0
4286611584
1
8421504
2

0

0
0
0

2
2

1

1

RT_2D_BluePlayerTexture_PH.png
GruntEnemyDeath12.mesh

0
2

3
1
1
1
0
1
1
1
1
1
1
1
1

3
-3
0
-2
0
-6
-5
-5.5
1
-9
-10
-8
2

3
10
-10
-5
0
20
-10
-10
1
20
-15
-15
2

3
4286611584
0
4286611584
1
8421504
2

0

0
0
0

2
2

1

1

RT_2D_BluePlayerTexture_PH.png
GruntEnemyDeath13.mesh

0
2

3
1
1
1
0
1
1
1
1
1
1
1
1

3
-3
0
-2
0
-6
-5
-5.5
1
-9
-10
-8
2

3
3
5
-10
0
6
5
-15
1
9
5
-15
2

3
4294934656
0
4294934656
1
16744576
2

0

0
0
0

2
2

1

1

RT_2D_BluePlayerTexture_PH.png
GruntEnemyDeath14.mesh

0
2

3
1
1
1
0
1
1
1
1
1
1
1
1

3
-3
0
-2
0
-6
-5
-5.5
1
-9
-10
-8
2

3
9
0
10
0
9
0
15
1
8
0
15
2

3
4294934656
0
4294934656
1
16744576
2

0

0
0
0

2
2

1

1

RT_2D_BluePlayerTexture_PH.png
GruntEnemyDeath15.mesh

0
2

3
1
1
1
0
1
1
1
1
1
1
1
1

3
-3
0
-2
0
-6
-5
-5.5
1
-9
-10
-8
2

3
6
15
-10
0
6
15
-15
1
6
15
-15
2

3
4286611584
0
4286611584
1
8421504
2

0

0
0
0

2
2

1

1

RT_2D_BluePlayerTexture_PH.png
GruntEnemyDeath6.mesh

0
2

3
1
1
1
0
1
1
1
1
1
1
1
1

3
-3
0
-2
0
-6
-5
-5.5
1
-9
-10
-8
2

3
-20
25
-10
0
-20
25
-15
1
-20
25
-15
2

3
4286611584
0
4286611584
1
8421504
2

0

0
0
0

2
2

1

1

RT_2D_BluePlayerTexture_PH.png
GruntEnemyDeath7.mesh

0
2

3
1
1
1
0
1
1
1
1
1
1
1
1

3
-3
0
-2
0
-6
-5
-5.5
1
-9
-10
-8
2

3
10
10
-5
0
20
10
-10
1
20
15
-15
2

3
4286611584
0
4286611584
1
8421504
2

0

0
0
0

2
2

1

1

RT_2D_BluePlayerTexture_PH.png
GruntEnemyDeath8.mesh

0
2

3
1
1
1
0
1
1
1
1
1
1
1
1

3
-3
0
-2
0
-6
-5
-5.5
1
-9
-10
-8
2

3
-9
5
-10
0
-9
5
-15
1
-9
5
-15
2

3
4294934656
0
4294934656
1
16744576
2

0

0
0
0

2
2

1

1

RT_2D_BluePlayerTexture_PH.png
GruntEnemyDeath9.mesh

0
2

3
1
1
1
0
1
1
1
1
1
1
1
1

3
-3
0
-2
0
-6
-5
-5.5
1
-9
-10
-8
2

3
0
0
10
0
0
0
15
1
0
0
15
2

3
4294934656
0
4294934656
1
16744576
2

0

0
0
0

2
2

1

1

RT_2D_BluePlayerTexture_PH.png
GruntEnemyDeath10.mesh
