1
6.1
9

0
5.0
0

3
10
10
0.5
0
0
1.0
500
500
2.0

3
0
0
0
1
0
1

3
0
0
0
0
0
0
0
1
0
0
0
2

3
4294967295
0
4294967295
0.5
4294967295
1

0

0
0
0

2
2
1

0

shockwave.png

0
5.0
0

3
10
10
0.5
0
0
1.0
200
200
2.0

3
0
0
0
1
0
1

3
0
0
0
0
0
0
0
1
0
0
0
2

3
4294967295
0
4294967295
0.5
4294967295
1

0

0
0
0

2
2
1

0

shockwave.png

1.5
2.5
1

3
60.0 
60.0
0.0
88
88
0.5
40.0 
40.0
2.5

3
0.0
0.0
-0.863
0.5
-1.726
2.5

3
0.0 
0.0 
0.0
0.0
0.0 
6.55 
0.0
0.5
0.0 
13.1 
0.0
2.5

3
16777215
0.0
4294967295
0.5
16777215
2.5

0.0

0.0
0.0
0.0

2
2
1

0.0

smoke4.png

1.5
2.5
1

3
60.0 
60.0
0.0
84
84
0.5
28
28
2.5

3
0.0
0.0
-1.319567
0.5
-2.939134
2.5

3
0.0 
0.0 
0.0
0.0
0.0 
2.15 
0.0 
0.5
0.0 
4.3 
0.0
2.5

3
016777215
0.0
4294967295
0.5
16777215
2.5

0.0

0 
0 
0

2
2
1

0.0

smoke4.png

1.5
2.5
1

3
60.0 
60.0
0.0
80.0 
80.0
0.5
20.0
20.0
2.5

3
0
0.0
1.226093
0.5
2.626721
2.5

3
0.0 
0.0 
0.0
0
0.0 
10.45 
0.0
0.5
0.0 
20.9 
0.0
2.5

3
016777215
0.0
4294967295
0.5
16777215
2.5

0.0

0 
0 
0

2
2
1

0.0

smoke4.png

1.5
2.5
1

3
60.0 
60.0
0.0
34
34
0.5
8.0 
8.0
2.5

3
0.0
0.0
-1.014036
0.5
-2.028072
2.5

3
0.0 
0.0 
0.0
0.0
1.7 
13.3 
0.0
0.5
3.4 
26.6 
0.0
2.5

3
016777215
0.0
4294967295
0.5
16777215
2.5

0.0

0 
0 
0

2
2
1

0.0

smoke4.png

1.5
2.5
1

3
0.0 
0.0
0.0
84 
72
0.65
39 
35
2.5

3
0.0
0.0
1.487893
0.5
2.975786
2.5

3
0.0 
0.0 
0.0
0
0.0 
0.0 
0.0
1
0.0 
0.0 
0.0
2

3
016777215
0.0
4294967295
0.65
16777215
2.5

0.0

0 
0 
0

2
2
1

0.0

smoke4.png

1.5
2.5
1

3
60.0 
60.0
0.0
34 
34
0.5
8.0 
8.0
2.5

3
0.0
0.0
-1.014036
0.5
-2.028072
2.5

3
0.0 
0.0 
0.0
0.0
-0.9 
8.85 
0.0
0.5
-1.8 
17.7 
0.0
2.5

3
016777215
0.0
4294967295
0.5
16777215
2.5

0.0

0 
0 
0

2
2
1

0.0

smoke4.png

1.5
2.50
1

3
60.0 
60.0
0.0
34
34
0.5
6.0 
6.0
2.5

3
0.0
0.0
0.680678
0.5
1.361356
2.5

3
0.0 
0.0 
0.0
0.0
-0.2 
15.05 
0.0
0.5
-0.4 
30.1 
0.0
2.5

3
16777215
0.0
4294967295
0.5
16777215
2.5

0.0

0 
0 
0

2
2
1

0.0

smoke4.png

6

0
4.00

3
0.00 
0.00 
0.00
0.0
48
48
48
0.6
0 
0
0
2.2

3
0.0 
0.0 
0.0
0.0
-1.469567 
-0.1483525 
0.457276
2
-2.939134  
-0.296705 
0.914552
4

3
0.0 
0.0 
0.0
0.0
0.0 
0.0 
0.0
0.0
0.0 
0.0 
0.0
0.0

3
16777215
0.0
4294967295
0.6
16777215
2

0.0

0.0 
0.0 
0.0

2
2

1

0.15

explosion4.png
ShieldSphere.mesh

0
4

3
2
2
2
0.0
54
54
54
0.6
0
0
0
2.2

3
0.0 
0.0 
0.0
0.0
-0.7566 
-0.6867871 
-0.7173303
2
-1.5132 
-1.373574 
-1.434661
4

3
0.0 
0.0 
0.0
0.0
0.0 
0.0 
0.0
2
0.0 
0.0 
0.0
4

3
4294967295
0.0
4294967295
1.6
0
2

0.0

0.0 
0.0 
0.0

2
2

1

0.15

explosion4.png
ShieldSphere.mesh

0
2.00

3
4
4
4
0.0
56
56
56
0.6
0
0
0
2.2

3
0.0 
0.0 
0.0
0.0
-0.5078908 
-0.3176499 
-1.310742
2
-1.015782 
-0.6352998 
-2.621484
4

3
0.0 
0.0 
0.0
0.0
0.0 
0.0 
0.0
1
0.0 
0.0 
0.0
2

3
4294967295
0.0
4294967295
0.6
0
2

0.0

0.0 
0.0 
0.0

2
2

1

0.15

explosion4.png
ShieldSphere.mesh

1.8
4.0

3
8
8
8
0.0
0
0
0
3
410
410
410
6

3
0.0 
0.0 
0.0
2.0
-1.469567 
-0.1483525 
0.457276
4.0
-2.939134  
-0.296705 
0.914552
6.0

3
0.0 
0.0 
0.0
0.0
0.0 
0.0 
0.0
0.0
0.0 
0.0 
0.0
0.0

3
4294967295
0.0
4294967295
5
0
6

0.0

0.0 
0.0 
0.0

2
2

1

0.15

explosion4.png
ShieldSphere.mesh

1.8
4

3
16
16
16
0.0
0
0
0
3
450
450
450
5

3
0.0 
0.0 
0.0
0.0
-0.7566 
-0.6867871 
-0.7173303
3
-1.5132 
-1.373574 
-1.434661
6

3
0.0 
0.0 
0.0
0.0
0.0 
0.0 
0.0
3
0.0 
0.0 
0.0
6

3
4294967295
0
4294967295
5
0
6

0.0

0.0 
0.0 
0.0

2
2

1

0.15

explosion4.png
ShieldSphere.mesh

1.8
4.0

3
24
24
24
0.0
0
0
0
2
500
500
500
5

3
0.0 
0.0 
0.0
0.0
-0.5078908 
-0.3176499 
-1.310742
4
-1.015782 
-0.6352998 
-2.621484
6

3
0.0 
0.0 
0.0
0.0
0.0 
0.0 
0.0
1
0.0 
0.0 
0.0
2

3
4294967295
0.0
4294967295
5
0
6

0.0

0.0 
0.0 
0.0

2
2

1

0.15

explosion4.png
ShieldSphere.mesh
