1
4
7

1.5
2.5
1

3
120.0 
120.0
0.0
180.0 
180.0
0.5
80.0 
80.0
2.5

3
0.0
0.0
-0.863
0.5
-1.726
2.5

3
0.0 
0.0 
0.0
0.0
0.0 
6.55 
0.0
0.5
0.0 
13.1 
0.0
2.5

3
16777215
0.0
4294967295
0.5
16777215
2.5

0.0

0.0
0.0
8.0

2
2
1

0.0

smoke4.png

1.5
2.5
1

3
120.0 
120.0
0.0
164.0 
164.0
0.5
48.0 
48.0
2.5

3
0.0
0.0
-1.319567
0.5
-2.939134
2.5

3
0.0 
0.0 
0.0
0.0
0.0 
2.15 
0.0 
0.5
0.0 
4.3 
0.0
2.5

3
016777215
0.0
4294967295
0.5
16777215
2.5

0.0

0 
0 
5

2
2
1

0.0

smoke4.png

1.5
2.5
1

3
120.0 
120.0
0.0
160.0 
160.0
0.5
40.0 
40.0
2.5

3
0
0.0
1.226093
0.5
2.626721
2.5

3
0.0 
0.0 
0.0
0
0.0 
10.45 
0.0
0.5
0.0 
20.9 
0.0
2.5

3
016777215
0.0
4294967295
0.5
16777215
2.5

0.0

0 
0 
2

2
2
1

0.0

smoke4.png

1.5
2.5
1

3
120.0 
120.0
0.0
68.0 
68.0
0.5
16.0 
16.0
2.5

3
0.0
0.0
-1.014036
0.5
-2.028072
2.5

3
0.0 
0.0 
0.0
0.0
1.7 
13.3 
0.0
0.5
3.4 
26.6 
0.0
2.5

3
016777215
0.0
4294967295
0.5
16777215
2.5

0.0

0 
0 
0

2
2
1

0.0

smoke4.png

1.5
2.5
1

3
0.0 
0.0
0.0
164.0 
142.0
0.65
76.0 
60.0
2.5

3
0.0
0.0
1.487893
0.5
2.975786
2.5

3
0.0 
0.0 
0.0
0
0.0 
0.0 
0.0
1
0.0 
0.0 
0.0
2

3
016777215
0.0
4294967295
0.65
16777215
2.5

0.0

0 
0 
0

2
2
1

0.0

smoke4.png

1.5
2.5
1

3
120.0 
120.0
0.0
68.0 
68.0
0.5
16.0 
16.0
2.5

3
0.0
0.0
-1.014036
0.5
-2.028072
2.5

3
0.0 
0.0 
0.0
0.0
-0.9 
8.85 
0.0
0.5
-1.8 
17.7 
0.0
2.5

3
016777215
0.0
4294967295
0.5
16777215
2.5

0.0

0 
0 
0

2
2
1

0.0

smoke4.png

1.5
2.50
1

3
120.0 
120.0
0.0
68.0 
68.0
0.5
16.0 
16.0
2.5

3
0.0
0.0
0.680678
0.5
1.361356
2.5

3
0.0 
0.0 
0.0
0.0
-0.2 
15.05 
0.0
0.5
-0.4 
30.1 
0.0
2.5

3
16777215
0.0
4294967295
0.5
16777215
2.5

0.0

0 
0 
0

2
2
1

0.0

smoke4.png

3

0
4.00

3
0.000 
0.000 
0.000
0.0
40 
40 
40
0.6
48 
48 
48
2

3
0.0 
0.0 
0.0
0.0
-1.469567 
-0.1483525 
0.457276
2
-2.939134  
-0.296705 
0.914552
4

3
0.0 
0.0 
0.0
0.0
0.0 
0.0 
0.0
0.0
0.0 
0.0 
0.0
0.0

3
4289370521
0.0
4294901760
0.6
16777215
2

0.0

0.0 
0.0
10.0

2
2

1

0.15

explosion4.png
ShieldSphere.mesh

0
4

3
2
2
2
0.0
42
42
42
0.6
54
54
54
2

3
0.0 
0.0 
0.0
0.0
-0.7566 
-0.6867871 
-0.7173303
2
-1.5132 
-1.373574 
-1.434661
4

3
0.0 
0.0 
0.0
0.0
0.0 
0.0 
0.0
2
0.0 
0.0 
0.0
4

3
4289370521
0.0
4294901760
0.6
16777215
2

0.0

0.0 
0.0 
-10.0

2
2

1

0.15

explosion4.png
ShieldSphere.mesh

0
2.00

3
4
4
4
0.0
44
44
44
0.6
56
56
56
2

3
0.0 
0.0 
0.0
0.0
-0.5078908 
-0.3176499 
-1.310742
2
-1.015782 
-0.6352998 
-2.621484
4

3
0.0 
0.0 
0.0
0.0
0.0 
0.0 
0.0
1
0.0 
0.0 
0.0
2

3
4289370521
0.0
4294901760
0.6
16777215
2

0.0

0.0 
0.0 
0.0

2
2

1

0.15

explosion4.png
ShieldSphere.mesh
