1
2
8

0
2.00
0

3
0.001 
0.001
0.0
5.25 
5.25
1.0
10.5 
10.5
2.0

3
0.0
0.0
0.0
1.0
0.0
2.0

3
0.0 
0.0 
0.0
0.0
0.0 
0.0 
0.0 
1.0
0.0 
0.0 
0.0
2.0

3
4294967040
0.0
4294967295
0.1
4294967040
2.0

0.0

0.0 
0.0 
0.0

5
7
1

0.0

shockwave.png

0
2.00
1

3
3.0 
3.0
0.0
4.5 
4.5
0.8
2.0 
2.0
2.0

3
0.0
0.0
-0.863
1.0
-1.726
2.0

3
0.0 
0.0 
0.0
0.0
0.0 
6.55
0.0
1.0
0.0 
13.1 
0.0
2.0

3
4294967040
0.0
4294967295
0.8
4294967040
2.0

0.0

0.0 
0.0 
0.0

5
7
1

0.0

smoke4.png

0
2.00
1

3
0.001 
0.001
0.0
1.0 
1.0
0.3
1.3 
1.3
2.0

3
0.0
0.0
-1.319567
1.0
-2.939134
2.0

3
0.0 
0.0 
0.0
0.0
0.0 
0.0 
0.0 
1.0
0.0
0.0 
0.0
2.0

3
4294967040
0.0
4294967295
1.0
4294967040
2.0

0.0

5.0 
5.0 
5.0

5
7
1

0.0

smoke4.png

0
2.00
1

3
3.0 
3.0
0.0
4.0 
4.0
0.8
1.0 
1.0
2.0

3
0
0.0
1.226093
1.0
2.626721
2.0

3
0.0 
0.0 
0.0
2.0
0.0 
0.0 
10.45
1.0
0.0 
0.0 
20.9
2.0

3
4294967040
0.0
4294967295
0.8
4294967295
2.0

0.0

5.0 
5.0 
5.0

5
7
1

0.0

smoke4.png

0
2.00
1

2
3.0 
3.0
0.0
1.7 
1.7
1.0
0.4 
0.4
2.0

3
0.0
0.0
-1.014036
1.0
-2.028072
2.0

3
0.0 
0.0 
0.0
0.0
1.7 
13.3 
0.0
1.0
3.4 
26.6 
0.0
2.0

3
4294967040
0.0
4294967295
1.0
4294967040
2.0

0.0

5.0 
5.0 
5.0

5
7
1

0.0

smoke4.png

0
2.00
1

3
0.0 
0.0
0.0
4.1 
3.3
1.12
1.9 
1.5
2.0

3
0.0
0.0
1.487893
1.0
2.975786
2.0

3
0.0 
0.0 
0.0
0.0
0.0 
0.0
0.0
1.0
0.0 
0.0 
0.0
2.0

3
4294967040
0.0
4294967295
1.12
4294967040
2.0

0.0

5.0 
5.0 
5.0

5
7
1

0.0

smoke4.png

0
2.00
1

3
3.0 
3.0
0.0
1.7 
1.7
1.0
0.4 
0.4
2.0

3
0.0
0.0
-1.014036
1.0
-2.028072
2.0

3
0.0 
0.0 
0.0
0.0
-0.9 
8.85 
0.0
1.0
-1.8 
17.7 
0.0
2.0

3
4294967040
0.0
4294967295
1.0
4294967040
2.0

0.0

5.0 
5.0 
5.0

5
7
1

0.0

smoke4.png

0
2.00
1

3
3.0 
3.0
0.0
1.7
1.7
1.0
0.4 
0.4
2.0

3
0.0
0.0
0.680678
1.0
1.361356
2.0

3
0.0 
0.0 
0.0
0.0
-0.2 
15.05 
0.0
1.0
-0.4 
30.1 
0.0
2.0

3
4294967040
0.0
4294967295
1.0
4294967040
2.0

0.0

5.0 
5.0 
5.0

5
7
1

0.0

smoke4.png

1

0
0.3

3
0.001 
0.001 
0.001
0.0
0.5005 
0.5005 
0.5005
0.15
1.0 
1.0 
1.0
0.3

3
0.0 
0.0 
0.0 
0.0
-0.440870 
0.044506 
0.137183 
0.15
-0.881740 
-0.089012 
0.274366
0.3

3
0.0 
0.0 
0.0
0.0
0.0 
0.0 
0.0
0.15
0.0 
0.0 
0.0
0.3

3
4294967040
0.0
4294967295
0.15
4294967040
0.3

0.0

0.0 
0.0 
0.0

2
2

1

0.00

GPG_Splash.dds
RT_3D_Waypoint.mesh