1
2
8

0
1
0

3
0.001
0.001
0
30.5
30.5
1
0
0
1

3
0
0
0
1
0
1

3
0
0
0
0
0
0
0
1
0
0
0
2

3
0
0
4294967295
0.5
0
1

0

0
0
0

2
2
1

0

shockwave.png

0.75
1.25
1

3
3
3
0
15
15
0.25
4
4
1.25

3
0
0
-0.863
0.25
-1.726
1.25

3
0
0
0
0
0
13
0
0.25
0
20
0
1.25

3
16777215
0
4294967295
0.25
16777215
1.25

0

0
0
0

2
2
1

0

smoke4.png

0.75
1.25
1

3
3
3
0
14
14
0.25
3
3
1.25

3
0
0
-1.319567
0.25
-2.939134
1.25

3
0
0
0
0
0
4.3
0
0.25
0
8.5
0
1.25

3
16777215
0
4294967295
0.25
16777215
1.25

0

0
5
-8

2
2
1

0

smoke4.png

0.75
1.25
1

3
3
3
0
14
14
0.25
3
3
1.25

3
0
0
1.226093
0.25
2.626721
1.25

3
0
0
0
0
0
20
0
0.25
0
30
0
1.25

3
16777215
0
4294967295
0.25
16777215
1.25

0

-2
0
-5

2
2
1

0

smoke4.png

0.75
1.25
1

3
4
4
0
4
4
0.25
1
1
1.25

3
0
0
-1.014036
0.25
-2.028072
1.25

3
0
0
0
0
3.5
25
0
0.25
7
40
0
1.25

3
16777215
0
4294967295
0.25
16777215
1.25

0

2
0
-8

2
2
1

0

smoke4.png

0.75
1.25
1

3
0
0
0
14
11
0.325
4
3
1.25

3
0
0
1.487893
0.25
2.975786
1.25

3
0
0
0
0
0
0
0
0.5
0
0
0
1

3
16777215
0
4294967295
0.325
16777215
1.25

0

0
2
2

2
2
1

0

smoke4.png

1.5
2.5
1

3
4
4
0
4
4
0.25
1
1
1.25

3
0
0
-1.014036
0.25
-2.028072
1.25

3
0
0
0
0
-2
17
0
0.25
-4
25
0
1.25

3
16777215
0
4294967295
0.25
16777215
1.25

0

0
0
5

2
2
1

0

smoke4.png

0.75
1.25
1

3
4
4
0
4
4
0.25
1
1
1.25

3
0
0
0.680678
0.25
1.361356
1.25

3
0
0
0
0
-2
30
0
0.25
-2
40
0
1.25

3
16777215
0
4294967295
0.25
16777215
1.25

0

0
-5
8

2
2
1

0

smoke4.png

3

0
2

3
0
0
0
0
15
15
15
1
15.2
15.2
15.2
1

3
0
0
0
0
-1.469567
-0.1483525
0.457276
1
-2.939134
-0.296705
0.914552
2

3
0
0
0
0
0
0
0
1
0
0
0
2

3
16777215
0
4294967295
0.3
16777215
1

0

0
0
10

2
2

1

0.15

explosion4.png
ShieldSphere.mesh

0
2

3
0.05
0.05
0.05
0
5.1
5.1
5.1
1
5.3
5.3
5.3
1

3
0
0
0
0
-0.7566
-0.6867871
-0.7173303
1
-1.5132
-1.373574
-1.434661
2

3
0
0
0
0
0
0
0
1
0
0
0
2

3
16777215
0
4294967295
0.3
16777215
1

0

0
0
0

2
2

1

0.15

explosion4.png
ShieldSphere.mesh

0
2

3
0.1
0.1
0.1
0
5.2
5.2
5.2
1
5.5
5.5
5.5
1

3
0
0
0
0
-0.5078908
-0.3176499
-1.310742
1
-1.015782
-0.6352998
-2.621484
2

3
0
0
0
0
0
0
0
1
0
0
0
2

3
16777215
0
4294967295
0.3
16777215
1

0

0
0
-10

2
2

1

0.15

explosion4.png
ShieldSphere.mesh
