1
6
8

0
4
0

3
5000
5000
0.5
0
0
1.9
20000
20000
4.0

3
0
0
0
1
0
1

3
0
0
0
0
0
0
0
1
0
0
0
2

3
0
0
4294967295
0.5
0
1

0

0
0
0

2
2
1

0

shockwave.png

1.5
2.5
1

3
15000.0 
15000.0
0.0
22500.0 
22500.0
0.5
10000.0 
10000.0
2.5

3
0.0
0.0
-0.863
0.5
-1.726
2.5

3
0.0 
0.0 
0.0
0.0
0.0 
6.55 
0.0
0.5
0.0 
13.1 
0.0
2.5

3
16777215
0.0
4294967295
0.5
16777215
2.5

0.0

0.0
0.0
0.0

2
2
1

0.0

smoke4.png

1.5
2.5
1

3
15000.0 
15000.0
0.0
20500.0 
20500.0
0.5
7000.0 
7000.0
2.5

3
0.0
0.0
-1.319567
0.5
-2.939134
2.5

3
0.0 
0.0 
0.0
0.0
0.0 
2.15 
0.0 
0.5
0.0 
4.3 
0.0
2.5

3
016777215
0.0
4294967295
0.5
16777215
2.5

0.0

0 
0 
0

2
2
1

0.0

smoke4.png

1.5
2.5
1

3
15000.0 
15000.0
0.0
20000.0 
20000.0
0.5
5000.0 
5000.0
2.5

3
0
0.0
1.226093
0.5
2.626721
2.5

3
0.0 
0.0 
0.0
0
0.0 
10.45 
0.0
0.5
0.0 
20.9 
0.0
2.5

3
016777215
0.0
4294967295
0.5
16777215
2.5

0.0

0 
0 
0

2
2
1

0.0

smoke4.png

1.5
2.5
1

3
15000.0 
15000.0
0.0
8500.0 
8500.0
0.5
2000.0 
2000.0
2.5

3
0.0
0.0
-1.014036
0.5
-2.028072
2.5

3
0.0 
0.0 
0.0
0.0
1.7 
13.3 
0.0
0.5
3.4 
26.6 
0.0
2.5

3
016777215
0.0
4294967295
0.5
16777215
2.5

0.0

0 
0 
0

2
2
1

0.0

smoke4.png

1.5
2.5
1

3
0.0 
0.0
0.0
20500.0 
17750.0
0.65
9500.0 
7500.0
2.5

3
0.0
0.0
1.487893
0.5
2.975786
2.5

3
0.0 
0.0 
0.0
0
0.0 
0.0 
0.0
1
0.0 
0.0 
0.0
2

3
016777215
0.0
4294967295
0.65
16777215
2.5

0.0

0 
0 
0

2
2
1

0.0

smoke4.png

1.5
2.5
1

3
15000.0 
15000.0
0.0
8500.0 
8500.0
0.5
2000.0 
2000.0
2.5

3
0.0
0.0
-1.014036
0.5
-2.028072
2.5

3
0.0 
0.0 
0.0
0.0
-0.9 
8.85 
0.0
0.5
-1.8 
17.7 
0.0
2.5

3
016777215
0.0
4294967295
0.5
16777215
2.5

0.0

0 
0 
0

2
2
1

0.0

smoke4.png

1.5
2.50
1

3
15000.0 
15000.0
0.0
8500.0 
8500.0
0.5
2000.0 
2000.0
2.5

3
0.0
0.0
0.680678
0.5
1.361356
2.5

3
0.0 
0.0 
0.0
0.0
-0.2 
15.05 
0.0
0.5
-0.4 
30.1 
0.0
2.5

3
16777215
0.0
4294967295
0.5
16777215
2.5

0.0

0 
0 
0

2
2
1

0.0

smoke4.png

6

0
4.00

3
0.00 
0.00 
0.00
0.0
6000
6000
6000
0.6
0 
0
0
2.2

3
0.0 
0.0 
0.0
0.0
-1.469567 
-0.1483525 
0.457276
2
-2.939134  
-0.296705 
0.914552
4

3
0.0 
0.0 
0.0
0.0
0.0 
0.0 
0.0
0.0
0.0 
0.0 
0.0
0.0

3
16777215
0.0
4294967295
0.6
16777215
2

0.0

0.0 
0.0 
0.0

2
2

1

0.15

explosion4.png
ShieldSphere.mesh

0
4

3
250
250
250
0.0
6750
6750
6750
0.6
0
0
0
2.2

3
0.0 
0.0 
0.0
0.0
-0.7566 
-0.6867871 
-0.7173303
2
-1.5132 
-1.373574 
-1.434661
4

3
0.0 
0.0 
0.0
0.0
0.0 
0.0 
0.0
2
0.0 
0.0 
0.0
4

3
16777215
0.0
4294967295
0.6
16777215
2

0.0

0.0 
0.0 
0.0

2
2

1

0.15

explosion4.png
ShieldSphere.mesh

0
2.00

3
500
500
500
0.0
7000
7000
7000
0.6
0
0
0
2.2

3
0.0 
0.0 
0.0
0.0
-0.5078908 
-0.3176499 
-1.310742
2
-1.015782 
-0.6352998 
-2.621484
4

3
0.0 
0.0 
0.0
0.0
0.0 
0.0 
0.0
1
0.0 
0.0 
0.0
2

3
16777215
0.0
4294967295
0.6
16777215
2

0.0

0.0 
0.0 
0.0

2
2

1

0.15

explosion4.png
ShieldSphere.mesh

1.8
4.00

3
500
500
500
0.0
0
0
0
2
20000 
20000
20000
4

3
0.0 
0.0 
0.0
2.0
-1.469567 
-0.1483525 
0.457276
4.0
-2.939134  
-0.296705 
0.914552
6.0

3
0.0 
0.0 
0.0
0.0
0.0 
0.0 
0.0
0.0
0.0 
0.0 
0.0
0.0

3
16777215
2.0
4294967295
2.6
16777215
4

0.0

0.0 
0.0 
0.0

2
2

1

0.15

explosion4.png
ShieldSphere.mesh

1.8
4

3
1000
1000
1000
0.0
0
0
0
2
32000
32000
32000
4

3
0.0 
0.0 
0.0
2.0
-0.7566 
-0.6867871 
-0.7173303
4
-1.5132 
-1.373574 
-1.434661
6

3
0.0 
0.0 
0.0
0.0
0.0 
0.0 
0.0
2
0.0 
0.0 
0.0
4

3
16777215
2.0
4294967295
2.6
16777215
4

0.0

0.0 
0.0 
0.0

2
2

1

0.15

explosion4.png
ShieldSphere.mesh

1.8
2.00

3
1500
1500
1500
0.0
0
0
0
2
35000
35000
35000
4

3
0.0 
0.0 
0.0
0.0
-0.5078908 
-0.3176499 
-1.310742
4
-1.015782 
-0.6352998 
-2.621484
6

3
0.0 
0.0 
0.0
0.0
0.0 
0.0 
0.0
1
0.0 
0.0 
0.0
2

3
16777215
2.0
4294967295
2.6
16777215
4

0.0

0.0 
0.0 
0.0

2
2

1

0.15

explosion4.png
ShieldSphere.mesh
