1
0.5
10

0
0.5
1

3
1.5
1.5
0
0.5
0.5
0.25
0
0
0.5

3
0
0
0
0.25
0
0.5

3
0
0
0
0
0
0
0
0.25
0
0
0
0.5

3
2164260863
0
2164195328
0.4
16711680
0.5

0

0
5
-3

3
5
1

0.1

blurred_star.png

0
0.5
1

3
1.5
1.5
0
0.5
0.5
0.25
0
0
0.5

3
0
0
0
0.25
0
0.5

3
0
0
0
0
0
0
0
0.25
0
0
0
0.5

3
2164260863
0
2164195328
0.4
16711680
0.5

0

0
5
-3

3
5
1

0.1

blurred_star2.png

0
0.5
1

3
1.25
1.25
0
0.25
0.25
0.25
0
0
0.5

3
0
0
0
0.25
0
0.5

3
0
0
0
0
0
0
0
0.25
0
0
0
0.5

3
2164260863
0
2164195328
0.4
16711680
0.5

0

10
-5
-3

3
7
1

0.1

blurred_star.png

0
0.5
1

3
1.25
1.25
0
0.25
0.25
0.25
0
0
0.5

3
0
0
0
0.25
0
0.5

3
0
0
0
0
0
0
0
0.25
0
0
0
0.5

3
2164260863
0
2164195328
0.4
16711680
0.5

0

10
-5
-3

3
7
1

0.1

blurred_star2.png

0
0.5
1

3
1.25
1.25
0
0.25
0.25
0.25
0
0
0.5

3
0
0
0
0.25
0
0.5

3
0
0
0
0
0
0
0
0.25
0
0
0
0.5

3
2164260863
0
2164195328
0.4
16711680
0.5

0

9
-9
-3

3
7
1

0.1

blurred_star.png

0
0.5
1

3
1.25
1.25
0
0.25
0.25
0.25
0
0
0.5

3
0
0
0
0.25
0
0.5

3
0
0
0
0
0
0
0
0.25
0
0
0
0.5

3
2164260863
0
2164195328
0.4
16711680
0.5

0

9
-9
-3

3
7
1

0.1

blurred_star2.png

0
0.5
1

3
1.25
1.25
0
0.25
0.25
0.25
0
0
0.5

3
0
0
0
0.25
0
0.5

3
0
0
0
0
0
0
0
0.25
0
0
0
0.5

3
2164260863
0
2164195328
0.4
16711680
0.5

0

-10
-5
-3

3
7
1

0.1

blurred_star.png

0
0.5
1

3
1.25
1.25
0
0.25
0.25
0.25
0
0
0.5

3
0
0
0
0.25
0
0.5

3
0
0
0
0
0
0
0
0.25
0
0
0
0.5

3
2164260863
0
2164195328
0.4
16711680
0.5

0

-10
-5
-3

3
7
1

0.1

blurred_star2.png

0
0.5
1

3
1.25
1.25
0
0.25
0.25
0.25
0
0
0.5

3
0
0
0
0.25
0
0.5

3
0
0
0
0
0
0
0
0.25
0
0
0
0.5

3
2164260863
0
2164195328
0.4
16711680
0.5

0

-9
-9
-3

3
7
1

0.1

blurred_star.png

0
0.5
1

3
1.25
1.25
0
0.25
0.25
0.25
0
0
0.5

3
0
0
0
0.25
0
0.5

3
0
0
0
0
0
0
0
0.25
0
0
0
0.5

3
2164260863
0
2164195328
0.4
16711680
0.5

0

-9
-9
-3

3
7
1

0.1

blurred_star2.png

0
