1
1
4

0
0.75
1

3
0.05
0.05
0
0.5
0.5
0.25
0.9
0.9
0.75

3
0
0
0
0
0.3
0.5

3
1
20
-1
0
-1
50
5
0.25
1
0
10
0.75

3
3151866538
0
268435455
0.25
16777215
0.75

0

-5
0
-5

2
2
20

0.0001

smoke4.png

0
0.3
1

3
0.05
0.05
0
0.5
0.5
0.25
0.5
0.5
0.3

3
0
0
0
0
0.3
0.5

3
1
20
-1
0
-1
50
5
0.25
1
0
10
0.3

3
3151866538
0
3151866538
0.25
14527146
0.3

0

-5
0
-5

2
2
10

0.0001

smoke4.png

0
0.3
1

3
0.05
0.05
0
0.5
0.5
0.25
0.5
0.5
0.3

3
0
0
0
0
0.3
0.3

3
1
20
-1
0
-1
50
5
0.25
1
0
10
0.3

3
3151866538
0
3151866538
0.25
14527146
0.3

0

5
0
-5

2
2
10

0.0001

smoke4.png

0
0.75
1

3
0.05
0.05
0
0.5
0.5
0.25
0.9
0.9
0.75

3
0
0
0
0
0.3
0.5

3
1
20
-1
0
-1
50
5
0.25
1
0
10
0.75

3
3151866538
0
268435455
0.25
16777215
0.75

0

5
0
-5

2
2
20

0.0001

smoke4.png

0
