1
2.5
10

0
1
0

3
0.001
0.001
0
5.25
5.25
0.25
7.5
7.5
1

3
0
0
0
0.025
0
1

3
0
0
0
0
0
0
0
0.2
0
0
0
1

3
16777215
0
4294967295
0.025
16777215
1

0

0
0
0

2
2
1

0

shockwave.png

0
1
1

3
3
3
0
4.5
4.5
0.4
2
2
1

3
0
0
-0.863
0.5
-1.726
1

3
0
0
0
0
0
6.55
0
0.5
0
13.1
0
1

3
16777215
0
4294967295
0.4
16777215
1

0

0
0
0

2
2
1

0

smoke4.png

0
1
1

3
0.001
0.001
0
1
1
0.07
1.3
1.3
1

3
0
0
-1.319567
0.5
-2.939134
1

3
0
0
0
0
0
0
0
0.5
0
0
0
1

3
16777215
0
4294967295
0.5
16777215
1

0

5
5
5

2
2
1

0

smoke4.png

0
1
1

3
3
3
0
4
4
0.4
1
1
1

3
0
0
1.226093
0.5
2.626721
1

3
0
0
0
0
0
0
10.45
0.5
0
0
20.9
1

3
16777215
0
4294967295
0.4
16777215
1

0

5
5
5

2
2
1

0

smoke4.png

0
1
1

3
0
0
0
3
3
0.5
0.4
0.4
1

3
0
0
-1.014036
0.5
-2.028072
1

3
0
0
0
0
1.7
13.3
0
0.5
3.4
26.6
0
1

3
16777215
0
16777215
0.5
4294967295
1

0

5
5
5

2
2
1

0

smoke4.png

0
1
1

3
0
0
0
4.1
3.3
0.6
1.9
1.5
1

3
0
0
1.487893
0.5
2.975786
1

3
0
0
0
0
0
0
0
0.5
0
0
0
1

3
16777215
0
16777215
0.6
4294967295
1

0

5
5
5

2
2
1

0

smoke4.png

0
1
1

3
0
0
0
3
3
0.5
0.4
0.4
1

3
0
0
-1.014036
0.5
-2.028072
1

3
0
0
0
0
-0.9
8.85
0
0.5
-1.8
17.7
0
1

3
16777215
0
16777215
0.5
4294967295
1

0

5
5
5

2
2
1

0

smoke4.png

0
1
1

3
0
0
0
0
0
0.5
3
3
1

3
0
0
0.680678
0.5
1.361356
1

3
0
0
0
0
-0.2
15.05
0
0.5
-0.4
30.1
0
1

3
16777215
0
4294967295
0.5
16777215
1

0

5
5
5

2
2
1

0

smoke4.png

0
1
1

3
50
50
0
0
0
0.5
0
0
1

3
0
0
0
0.5
0
1

3
0
0
0
0
0
0
0
0.5
0
0
0
1

3
4294967295
0
4294967295
0.5
16777215
1

0

0
0
0

2
2
1

0

ring.png

0
2
1

3
0
0
0
0
0
0.5
65
65
2

3
0
0
0
0.5
0
2

3
0
0
0
0
0
0
0
0.5
0
0
0
2

3
4294967295
0
4294967295
0.75
16777215
2

0

0
0
0

5
7
1

0

explosion4.png

5

0.75
1.5

3
1
1
1
0
1
1
1
0.5
1
1
1
0.5

3
0
0
0
0
-5
-8
-5
0.5
-2
-3
-3
1.5

3
-30
-80
50
0
-20
-30
30
0.5
-20
-30
30
1.5

3
4294967295
0
4294967295
0.5
4294967295
1.5

0

0
0
0

2
2

1

0

RT_2D_PlayerShipDeath_Diffuse.png
BrokenPlayerShip0.mesh

0.75
1.5

3
1
1
1
0
1
1
1
0.5
1
1
1
0.5

3
0
0
-3
0
1
3
-1.5
0.5
1
1
-1.5
1.5

3
30
30
30
0
10
10
15
0.5
10
10
15
1.5

3
4294967295
0
4294967295
0.5
4294967295
1.5

0

0
0
0

2
2

1

0

RT_2D_PlayerShipDeath_Diffuse.png
BrokenPlayerShip1.mesh

0.75
1.5

3
1
1
1
0
1
1
1
0.5
1
1
1
0.5

3
0
0
0
0
2
5
-5
0.5
2
5
-1
1.5

3
30
20
50
0
20
5
10
0.5
20
5
10
1.5

3
4294967295
0
4294967295
0.5
4294967295
1.5

0

0
0
0

2
2

1

0

RT_2D_PlayerShipDeath_Diffuse.png
BrokenPlayerShip2.mesh

0.75
1.5

3
1
1
1
0
1
1
1
0.5
1
1
1
0.5

3
0
0
0
0
2
2
1
0.5
2
2
1
1.5

3
30
30
40
0
20
20
20
0.5
20
20
20
1.5

3
4294967295
0
4294967295
0.5
4294967295
1.5

0

0
0
0

2
2

1

0

RT_2D_PlayerShipDeath_Diffuse.png
BrokenPlayerShip3.mesh

0.75
1.5

3
1
1
1
0
1
1
1
0.5
1
1
1
0.5

3
0
0
0
0
2
2
3
0.5
1
1
1
1.5

3
20
20
60
0
10
10
20
0.5
10
10
20
1.5

3
4294967295
0
4294967295
0.5
4294967295
1.5

0

0
0
0

2
2

1

0

RT_2D_PlayerShipDeath_Diffuse.png
BrokenPlayerShip4.mesh
