3
0
0
2000
15
100
1000
550
6
200
-250
-250
3
0
300
-300
4
-100
600
-200
5
-500
300
150
4
600
-40
-150
8
-45
400
-500
10
-400
100
450
7
20
20
50
2
-50
-25
-20
3
250
-400
0
2
100
300
0
3
-200
100
1500
5
200
-150
650
6
100
80
1000
7
2
0
3
2
-300
0
900
0
2
0
0
900
0
2
0
0
-900
0
-1
3
0
-1
1000
200
0
0
2
-1000
100
0
0
0
-1
1200
0
400
0
0
0
3600
16
1000
1500
450
22
-1000
-1300
600
35
0
600
-250
4
1200
700
-200
2
-1200
600
100
6
800
-800
0
4
2300
-1050
-200
2
900
0
50
1
-950
0
0
9
600
800
0
4
400
600
1500
10
2000
-2000
0
15
-800
3000
1000
12
-2200
-1000
0
12
-1000
4000
0
40
-1200
-3000
-400
30
2
0
4
1
-75
100
775
0
2
-475
80
800
0
0
-1
475
0
0
0
2
0
0
-800
0
-1
11
1
500
250
300
0
0
0
100
100
400
0
0
0
-100
-100
-400
0
2
-150
-100
-400
0
0
-1
0
0
900
0
2
0
0
-900
0
0
-1
900
0
0
0
2
-900
0
0
0
2
200
-1000
0
0
2
0
-1000
0
0
2
-200
-1000
0
0
0
0
4640
1
1000
0
0
3
1
5000
0
