550
580
0.65
0.70
554
700
0.65
0.70
550
820
0.65
0.70
555
925
0.65
0.70
292
470
0.65
0.70
415
330
0.72
0.72
400
660
0.75
0.75
800
660
0.75
0.75
345
870
0.650
0.65
590
900
0.65
0.65
835
885
0.65
0.65
700
785
0.65
0.65
1150
785
0.65
0.65
1185
420
0.65
0.65
953
458
0.65
0.65
225
285
0.80
0.80
960
285
0.8
0.80
760
485
0.65
0.65
760
550
0.65
0.65
900
628
0.65
0.65
760
720
0.65
0.65
430
770
0.7
0.7
803
840
0.65
0.65
1035
840
0.65
0.65
0
0
0.65
0.65
416
315
0.78
0.82
425
443
0.77
0.82
425
562
0.77
0.82
425
669
0.77
0.82
160
210
0.78
0.82
443
363
0.75
0.78
435
483
0.76
0.78
450
594
0.75
0.79
187
252
0.75
0.79
494
400
0.700
0.78
494
522
0.700
0.78
236
170
0.70
0.78
