3
0
0
1500
13
100
0
550
6
200
-250
-250
3
0
300
-300
4
-100
25
-200
5
-500
300
150
4
600
-40
-150
8
-45
120
-500
10
-400
100
450
7
20
20
50
2
-50
-25
-20
3
250
-400
0
2
100
300
0
3
-5000
0
0
100
3
0
2
0
0
500
45
565
0
0
0
-500
25
565
0
1
2
0
0
600
55
45
0
0
0
-450
-145
225
0
-1
2
0
1
0
500
0
0
0
1
500
555
0
0
0
0
3100
12
300
50
450
22
-500
300
600
35
0
100
-250
4
0
700
0
2
0
600
0
6
0
-800
0
4
2300
-50
-200
2
900
0
0
1
-950
0
0
9
600
800
0
4
400
600
500
10
5000
2000
4000
100
3
0
2
1
125
25
400
0
0
0
-150
-12
-550
0
1
2
1
425
25
225
0
0
0
55
624
-175
0
-1
2
1
500
250
300
0
0
0
100
100
400
0
0
0
4140
14
0
0
2400
22
0
600
1000
24
600
0
2000
24
-450
200
2300
19
0
600
2000
22
0
-250
2000
28
500
100
1600
26
-300
450
1600
20
-500
-300
1700
30
-420
150
1000
20
525
-250
1500
24
-600
-400
2220
20
0
-250
2000
10
0
0
900
16
1
5000
0
