3
0
0
1500
13
100
0
550
6
200
-250
-250
3
0
300
-300
4
-100
25
-200
5
-500
300
150
4
600
-40
-150
8
-45
120
-500
10
-400
100
450
7
20
20
50
2
-50
-25
-20
3
250
-400
0
2
100
300
0
3
-5000
0
0
100
2
0
2
0
0
500
45
565
0
0
0
475
35
565
0
-1
2
0
1
0
600
0
0
0
1
50
525
0
0
0
0
3100
12
300
50
450
22
-500
300
600
35
0
100
-250
4
0
700
0
2
0
600
0
6
0
-800
0
4
2300
-50
-200
2
900
0
0
1
-950
0
0
9
600
800
0
4
400
600
500
10
5000
2000
4000
100
3
0
2
1
125
25
-400
0
0
0
150
-12
-440
0
1
2
1
700
720
225
0
0
0
690
700
235
0
-1
3
1
-500
490
415
0
0
0
-550
500
400
0
0
0
-530
525
425
0
0
0
4140
0
1
5000
0
